      0/99     2.18G   0.06747  0.008874         0   0.07634        60       640   0.01054    0.2554  0.006059 0.0009032   0.07314   0.01097         0
      1/99      2.2G   0.05524  0.009394         0   0.06463        43       640    0.2158    0.3257    0.1424   0.03204   0.06054   0.01119         0
      2/99      2.2G   0.05023  0.008612         0   0.05885        52       640    0.4544    0.4623    0.4508    0.1597   0.05648  0.009544         0
      3/99      2.2G   0.04767  0.008142         0   0.05581        46       640    0.6664     0.636    0.6379    0.2232   0.06254  0.009285         0
      4/99      2.2G   0.04307    0.0075         0   0.05057        35       640    0.8325    0.7174    0.7975     0.348   0.06157  0.007942         0
      5/99      2.2G   0.04215  0.006753         0    0.0489        37       640    0.8238    0.6449    0.7281    0.2946   0.05788  0.007727         0
      6/99      2.2G    0.0388  0.005869         0   0.04467        36       640    0.8756    0.8199    0.8832    0.5207    0.0535  0.006473         0
      7/99      2.2G   0.03781  0.005267         0   0.04308        30       640    0.9027    0.7612    0.8463    0.4212   0.05422  0.006107         0
      8/99      2.2G   0.03659  0.004664         0   0.04125        33       640    0.9033    0.8708    0.9255    0.5502   0.04978  0.005595         0
      9/99      2.2G   0.03202    0.0044         0   0.03642        23       640    0.9052    0.8655    0.9176    0.5222   0.05232    0.0054         0
     10/99      2.2G   0.03217  0.004286         0   0.03645        40       640     0.883    0.8966    0.9265    0.5566   0.05004  0.005223         0
     11/99      2.2G   0.03098  0.004135         0   0.03511        39       640    0.9312    0.9029    0.9485    0.5862   0.05248  0.004918         0
     12/99      2.2G   0.03096  0.003947         0    0.0349        39       640    0.9433    0.8505    0.9245    0.5486   0.04888   0.00501         0
     13/99      2.2G   0.03113  0.003916         0   0.03505        42       640    0.9287    0.8991    0.9497    0.6087   0.04448  0.004705         0
     14/99      2.2G   0.03011  0.003829         0   0.03394        27       640    0.9496    0.8901    0.9492    0.6096   0.04387  0.004566         0
     15/99      2.2G   0.03053  0.003787         0   0.03432        44       640    0.9106    0.9246     0.952    0.5969   0.04721  0.004452         0
     16/99      2.2G   0.03009  0.003643         0   0.03373        44       640    0.9573    0.8875    0.9432    0.5786   0.04579   0.00475         0
     17/99      2.2G   0.03193  0.003735         0   0.03566        25       640    0.9352    0.9221    0.9501    0.6331   0.04475  0.004401         0
     18/99      2.2G   0.03018  0.003644         0   0.03383        26       640    0.9386    0.9195    0.9565    0.6165    0.0403  0.004413         0
     19/99      2.2G   0.02901  0.003585         0    0.0326        53       640    0.9492    0.9195    0.9632     0.658   0.04292  0.004263         0
     20/99      2.2G   0.02946  0.003442         0    0.0329        36       640    0.9464    0.9246     0.966    0.6405   0.04335  0.004317         0
     21/99      2.2G   0.02915  0.003505         0   0.03266        29       640    0.9522    0.9157    0.9627     0.647   0.04138  0.004335         0
     22/99      2.2G   0.02936  0.003548         0   0.03291        42       640    0.9304    0.9221    0.9499    0.6437   0.04148  0.004412         0
     23/99      2.2G    0.0297  0.003481         0   0.03318        21       640    0.9298    0.9309    0.9649    0.6313   0.04584   0.00425         0
     24/99      2.2G   0.02988  0.003481         0   0.03336        31       640    0.9442    0.9297    0.9651    0.6661   0.04519  0.004292         0
     25/99      2.2G   0.02794  0.003409         0   0.03135        28       640    0.9546     0.913    0.9604    0.6315    0.0456  0.004326         0
     26/99      2.2G   0.02831  0.003416         0   0.03172        52       640    0.9351    0.9385    0.9612    0.6704   0.04387   0.00424         0
     27/99      2.2G   0.02842  0.003426         0   0.03185        26       640    0.9363    0.9014     0.949    0.6355   0.04283  0.004288         0
     28/99      2.2G    0.0278  0.003427         0   0.03123        40       640    0.9452    0.9246    0.9657    0.6649   0.04038  0.004209         0
     29/99      2.2G    0.0269  0.003335         0   0.03024        45       640    0.9665    0.9246    0.9704    0.6879   0.04386  0.004025         0
     30/99      2.2G   0.02615  0.003306         0   0.02945        38       640    0.9569    0.9361      0.97    0.6778   0.04184  0.004131         0
     31/99      2.2G   0.02669  0.003335         0   0.03003        48       640    0.9604     0.931    0.9706    0.6858   0.03612  0.004127         0
     32/99      2.2G   0.02665  0.003369         0   0.03002        47       640     0.951     0.917    0.9637    0.6658   0.03917  0.004234         0
     33/99      2.2G   0.02767  0.003402         0   0.03107        47       640    0.9588    0.9501    0.9737    0.6755   0.03553  0.004183         0
     34/99      2.2G   0.02765  0.003277         0   0.03093        39       640    0.9581    0.9349     0.971    0.6828   0.03834  0.004145         0
     35/99      2.2G   0.02686  0.003266         0   0.03013        45       640    0.9454    0.9298    0.9597    0.6904   0.03913  0.004251         0
     36/99      2.2G   0.02746  0.003335         0    0.0308        37       640    0.9558    0.9413    0.9738    0.6888   0.04111  0.004037         0
     37/99      2.2G   0.02713  0.003297         0   0.03043        42       640    0.9484    0.9183    0.9548    0.6896   0.03729  0.004147         0
     38/99      2.2G   0.02585  0.003207         0   0.02905        36       640    0.9654    0.9285    0.9717    0.7034   0.03878  0.004153         0
     39/99      2.2G   0.02632  0.003261         0   0.02958        26       640    0.9558    0.9387    0.9709    0.6996   0.03815  0.004177         0
     40/99      2.2G   0.02534  0.003327         0   0.02867        29       640    0.9725    0.9042    0.9544    0.6844   0.03765  0.004296         0
     41/99      2.2G   0.02639  0.003297         0   0.02969        21       640     0.963    0.9323    0.9743    0.6947   0.03538  0.004128         0
     42/99      2.2G   0.02574  0.003315         0   0.02905        26       640    0.9572    0.9438    0.9748    0.7033   0.03798  0.004057         0
     43/99      2.2G   0.02691  0.003269         0   0.03018        33       640    0.9574    0.9463    0.9723    0.7074    0.0357  0.004063         0
     44/99      2.2G   0.02565  0.003178         0   0.02883        25       640    0.9586    0.9246    0.9604    0.6913   0.03668  0.004159         0
     45/99      2.2G   0.02568  0.003238         0   0.02892        44       640    0.9629    0.9298    0.9712     0.702   0.03623  0.004142         0
     46/99      2.2G   0.02503  0.003082         0   0.02811        33       640    0.9693    0.9272    0.9685     0.699    0.0424  0.004125         0
     47/99      2.2G   0.02523  0.003205         0   0.02844        45       640    0.9596    0.9413    0.9739    0.7071     0.036  0.004023         0
     48/99      2.2G   0.02452  0.003145         0   0.02767        42       640    0.9695    0.9335    0.9743    0.7052   0.03515  0.004047         0
     49/99      2.2G   0.02467   0.00321         0   0.02788        44       640    0.9621    0.9399    0.9756    0.7152   0.03488  0.003996         0
     50/99      2.2G   0.02432  0.003187         0    0.0275        29       640    0.9685    0.9438    0.9766    0.7091   0.03473   0.00408         0
     51/99      2.2G   0.02504  0.003183         0   0.02822        31       640    0.9668    0.9323    0.9765    0.7106   0.03646  0.004122         0
     52/99      2.2G   0.02608  0.003313         0   0.02939        37       640    0.9593    0.9349    0.9718    0.7167    0.0352  0.004098         0
     53/99      2.2G   0.02483   0.00312         0   0.02795        44       640    0.9646      0.94    0.9778    0.7171   0.03403  0.004025         0
     54/99      2.2G    0.0243  0.003125         0   0.02742        36       640    0.9558      0.94    0.9746    0.7122   0.03392  0.004081         0
     55/99      2.2G   0.02357  0.003118         0   0.02669        34       640    0.9671    0.9374    0.9759    0.7171   0.03288   0.00412         0
     56/99      2.2G   0.02371  0.003194         0   0.02691        43       640     0.967    0.9348    0.9789    0.7166   0.03226  0.004141         0
     57/99      2.2G   0.02489   0.00318         0   0.02807        41       640    0.9631    0.9349    0.9777    0.7121   0.03434  0.004088         0
     58/99      2.2G   0.02432  0.003259         0   0.02758        41       640     0.961    0.9449    0.9806    0.7232    0.0332  0.004079         0
     59/99      2.2G   0.02462  0.003224         0   0.02784        41       640    0.9558    0.9387    0.9748    0.7205   0.03377  0.004105         0
     60/99      2.2G   0.02468  0.003087         0   0.02777        39       640    0.9597    0.9438     0.979    0.7214   0.03279  0.004111         0
     61/99      2.2G   0.02364  0.003181         0   0.02682        36       640    0.9642    0.9298    0.9761    0.7221     0.032  0.004142         0
     62/99      2.2G   0.02349  0.003102         0   0.02659        46       640    0.9559    0.9412    0.9739    0.7203   0.03279  0.004061         0
     63/99      2.2G    0.0238  0.003266         0   0.02706        55       640    0.9623    0.9464    0.9777    0.7274   0.03145  0.004084         0
     64/99      2.2G   0.02382  0.003201         0   0.02702        28       640    0.9526    0.9527    0.9749    0.7184   0.03302  0.004063         0
     65/99      2.2G   0.02411   0.00319         0    0.0273        36       640    0.9597    0.9476    0.9792    0.7292   0.03282  0.004091         0
     66/99      2.2G    0.0233  0.003134         0   0.02644        39       640    0.9466    0.9527    0.9758    0.7248   0.03307  0.004109         0
     67/99      2.2G   0.02338   0.00308         0   0.02646        40       640    0.9707    0.9323    0.9761    0.7338   0.03189  0.004112         0
     68/99      2.2G   0.02378  0.003223         0     0.027        34       640    0.9633    0.9374    0.9794    0.7331   0.03211  0.004074         0
     69/99      2.2G   0.02336  0.003031         0   0.02639        48       640    0.9605    0.9336    0.9795    0.7299   0.03204  0.004099         0
     70/99      2.2G   0.02306  0.003264         0   0.02633        28       640    0.9682    0.9323    0.9787    0.7353   0.03158  0.004105         0
     71/99      2.2G   0.02292  0.003143         0   0.02607        35       640    0.9644    0.9374    0.9757    0.7309   0.03112  0.004093         0
     72/99      2.2G   0.02277  0.003148         0   0.02592        60       640    0.9636    0.9464    0.9789    0.7356   0.03198  0.004055         0
     73/99      2.2G    0.0229  0.003043         0   0.02594        37       640    0.9634    0.9438    0.9781    0.7363   0.03157  0.004033         0
     74/99      2.2G   0.02341  0.003113         0   0.02652        63       640    0.9625    0.9502      0.98    0.7354   0.03267  0.004092         0
     75/99      2.2G    0.0228  0.003058         0   0.02586        31       640     0.966    0.9451    0.9799    0.7372    0.0315  0.004102         0
     76/99      2.2G   0.02256  0.003045         0    0.0256        44       640    0.9611    0.9462    0.9796    0.7387   0.03253  0.004104         0
     77/99      2.2G   0.02289  0.003182         0   0.02607        50       640    0.9635    0.9451    0.9772    0.7358    0.0321  0.004078         0
     78/99      2.2G   0.02221  0.003001         0   0.02521        33       640    0.9576    0.9515    0.9822    0.7392   0.03075  0.004051         0
     79/99      2.2G   0.02202  0.003095         0   0.02512        40       640    0.9709    0.9371    0.9802    0.7376   0.03157  0.004117         0
     80/99      2.2G   0.02205  0.003145         0   0.02519        49       640    0.9685    0.9438    0.9798    0.7356   0.03141  0.004087         0
     81/99      2.2G   0.02259  0.003128         0   0.02571        34       640    0.9625      0.95    0.9794    0.7388   0.03192  0.004079         0
     82/99      2.2G   0.02239  0.003112         0    0.0255        45       640    0.9647    0.9464     0.978    0.7358   0.03022  0.004082         0
     83/99      2.2G    0.0222  0.003048         0   0.02525        39       640    0.9659    0.9412    0.9799    0.7389   0.03038  0.004108         0
     84/99      2.2G   0.02241  0.003241         0   0.02565        28       640    0.9635    0.9428    0.9801     0.738   0.03188  0.004073         0
     85/99      2.2G   0.02244  0.003089         0   0.02553        41       640    0.9575    0.9501    0.9809    0.7377   0.03285   0.00405         0
     86/99      2.2G   0.02217  0.003025         0    0.0252        49       640    0.9672    0.9411    0.9813    0.7402   0.03144  0.004081         0
     87/99      2.2G   0.02192  0.003114         0   0.02503        33       640    0.9708    0.9335    0.9799    0.7369   0.03122  0.004078         0
     88/99      2.2G   0.02144  0.003097         0   0.02454        32       640      0.96    0.9501    0.9823    0.7427   0.03137  0.004036         0
     89/99      2.2G    0.0218   0.00312         0   0.02492        38       640     0.971    0.9413    0.9817    0.7421   0.03075  0.004059         0
     90/99      2.2G    0.0221  0.003057         0   0.02516        33       640    0.9696    0.9361    0.9788    0.7394   0.03059  0.004059         0
     91/99      2.2G   0.02185  0.003068         0   0.02492        36       640    0.9482    0.9604    0.9809    0.7408   0.03026  0.004097         0
     92/99      2.2G   0.02253  0.003125         0   0.02565        35       640     0.967    0.9349    0.9772    0.7356   0.03046  0.004088         0
     93/99      2.2G   0.02193  0.003043         0   0.02497        26       640    0.9609    0.9412    0.9805     0.741   0.03063  0.004068         0
     94/99      2.2G   0.02162  0.003056         0   0.02468        30       640     0.966    0.9451    0.9825    0.7423   0.03054  0.004056         0
     95/99      2.2G   0.02158  0.003137         0   0.02472        29       640    0.9623     0.945    0.9811    0.7411   0.03096  0.004025         0
     96/99      2.2G   0.02146  0.003159         0   0.02462        39       640    0.9673     0.945    0.9824    0.7403   0.03018  0.004041         0
     97/99      2.2G   0.02171  0.003038         0   0.02475        45       640    0.9659    0.9425    0.9813    0.7441   0.03041  0.004057         0
     98/99      2.2G   0.02185  0.002962         0   0.02481        38       640    0.9672    0.9425    0.9817    0.7428   0.03015  0.004068         0
     99/99      2.2G   0.02184   0.00301         0   0.02485        27       640    0.9634    0.9425    0.9808    0.7426      0.03  0.004093         0
